%YAML:1.0
---
Camera_fx: 7.6671993911210482e+05
Camera_fy: 7.6673362196903245e+05
Camera_cx: 2.4274385208147623e+03
Camera_cy: 7.4974729874869843e+02
Camera_k1: -2.5966327886469482e+01
Camera_k2: -1.9977534978032042e+06
Camera_k3: 0.
Camera_p1: 5.9750756723123646e-02
Camera_p2: -4.5842490908414274e-02
Image_Rotation:
   -
      - !!opencv-matrix
         rows: 3
         cols: 3
         dt: d
         data: [ -9.9995167463032231e-01, -4.2211134445600964e-04,
             9.8219257799555208e-03, 2.9061016529582294e-04,
             -9.9991035977661091e-01, -1.3386110605413270e-02,
             9.8266957694791834e-03, -1.3382609365195279e-02,
             9.9986216140867790e-01 ]
      - !!opencv-matrix
         rows: 3
         cols: 3
         dt: d
         data: [ -9.9993171496650557e-01, -4.2370204393828913e-04,
             -1.1678436570070496e-02, 2.8202628681535386e-04,
             -9.9992638451253213e-01, 1.2130375792589153e-02,
             -1.1682716521286588e-02, 1.2126253843370190e-02,
             9.9985822400098745e-01 ]
      - !!opencv-matrix
         rows: 3
         cols: 3
         dt: d
         data: [ -9.9996446682023665e-01, -4.2263730345742137e-04,
             8.4194105868157492e-03, 2.9816406457260390e-04,
             -9.9989072755121333e-01, -1.4779853020101760e-02,
             8.4247370944295023e-03, -1.4776817479245651e-02,
             9.9985532426950419e-01 ]
      - !!opencv-matrix
         rows: 3
         cols: 3
         dt: d
         data: [ -9.9995490557896616e-01, -4.2053258578611671e-04,
             9.4873579517754294e-03, 3.0319699793716199e-04,
             -9.9992349679782144e-01, -1.2365622636874216e-02,
             9.4918322857742449e-03, -1.2362188477831351e-02,
             9.9987853333087251e-01 ]
      - !!opencv-matrix
         rows: 3
         cols: 3
         dt: d
         data: [ -9.9996652812123055e-01, -4.2812820034471597e-04,
             8.1706391069609786e-03, 2.9522741544538009e-04,
             -9.9986775495659919e-01, -1.6259933543016764e-02,
             8.1765199165231631e-03, -1.6256977095826328e-02,
             9.9983441389950145e-01 ]
      - !!opencv-matrix
         rows: 3
         cols: 3
         dt: d
         data: [ -9.9993692602925699e-01, -4.5067919705667328e-04,
             -1.1222337163961645e-02, 2.7336376807677475e-04,
             -9.9987518624008731e-01, 1.5796746930968900e-02,
             -1.1228055727088161e-02, 1.5792682787041372e-02,
             9.9981224334120744e-01 ]
      - !!opencv-matrix
         rows: 3
         cols: 3
         dt: d
         data: [ -9.9997926125407410e-01, -4.1080496219464662e-04,
             6.4271534164952286e-03, 3.0939893419469112e-04,
             -9.9987558537131238e-01, -1.5770797401360313e-02,
             6.4328325064196435e-03, -1.5768481780382992e-02,
             9.9985497630820763e-01 ]
      - !!opencv-matrix
         rows: 3
         cols: 3
         dt: d
         data: [ -9.9996085013384317e-01, -4.2012133096731277e-04,
             8.8386479548034046e-03, 3.1531604603679292e-04,
             -9.9992966937425698e-01, -1.1855668723458628e-02,
             8.8430071464856257e-03, -1.1852417608089484e-02,
             9.9989065473253091e-01 ]
      - !!opencv-matrix
         rows: 3
         cols: 3
         dt: d
         data: [ -9.9996158702158677e-01, -4.2020783865413276e-04,
             8.7548790192591187e-03, 3.1730088250050899e-04,
             -9.9993088880784586e-01, -1.1752315861196095e-02,
             8.7592123743801473e-03, -1.1749086488901618e-02,
             9.9989261181651745e-01 ]
      - !!opencv-matrix
         rows: 3
         cols: 3
         dt: d
         data: [ -9.9997266724181699e-01, -4.1861062389944489e-04,
             7.3817026783790192e-03, 3.2124371272478476e-04,
             -9.9991300192019006e-01, -1.3186561091930307e-02,
             7.3865805189860531e-03, -1.3183829341270083e-02,
             9.9988580601593557e-01 ]
      - !!opencv-matrix
         rows: 3
         cols: 3
         dt: d
         data: [ -9.9996099734861565e-01, -4.3528402888096926e-04,
             8.8212419406854935e-03, 3.1142748329270417e-04,
             -9.9990142476376387e-01, -1.4037227942784242e-02,
             8.8264825658105495e-03, -1.4033933276499284e-02,
             9.9986256151648489e-01 ]
      - !!opencv-matrix
         rows: 3
         cols: 3
         dt: d
         data: [ -9.9996338351203251e-01, -4.1605109614401882e-04,
             -8.5474286573922684e-03, 3.3559461462792596e-04,
             -9.9995564772001211e-01, 9.4122244504466577e-03,
             -8.5509655257430400e-03, 9.4090113368169841e-03,
             9.9991917248057671e-01 ]
      - !!opencv-matrix
         rows: 3
         cols: 3
         dt: d
         data: [ -9.9992562088495440e-01, -4.5111127496787586e-04,
             -1.2188075994841863e-02, 2.9464099360187611e-04,
             -9.9991756241135166e-01, 1.2836727309778279e-02,
             -1.2192862031669712e-02, 1.2832181418539680e-02,
             9.9984332234381523e-01 ]
      - !!opencv-matrix
         rows: 3
         cols: 3
         dt: d
         data: [ -9.9993412361310430e-01, -4.2577474890660109e-04,
             -1.1470272444724800e-02, 3.0682140070698006e-04,
             -9.9994617948811770e-01, 1.0370341737148077e-02,
             -1.1474070538439607e-02, 1.0366139251445580e-02,
             9.9988043728352749e-01 ]
      - !!opencv-matrix
         rows: 3
         cols: 3
         dt: d
         data: [ -9.9993068255546402e-01, -4.6005802793735822e-04,
             -1.1765136241227155e-02, 2.9307300858021025e-04,
             -9.9989925981204908e-01, 1.4190994874492668e-02,
             -1.1770479700307375e-02, 1.4186563147117973e-02,
             9.9983008418115571e-01 ]
      - !!opencv-matrix
         rows: 3
         cols: 3
         dt: d
         data: [ -9.9994831993909028e-01, -4.4202150825293986e-04,
             1.0156872942837273e-02, 3.0746372750336658e-04,
             -9.9991222462267193e-01, -1.3245698025979488e-02,
             1.0161836302901550e-02, -1.3241890617483930e-02,
             9.9986068500357994e-01 ]
      - !!opencv-matrix
         rows: 3
         cols: 3
         dt: d
         data: [ -9.9990757923687668e-01, -4.5397158233387817e-04,
             1.3587747953636681e-02, 2.8983387711392666e-04,
             -9.9992699981774191e-01, -1.2079363882804011e-02,
             1.3592239733495052e-02, -1.2074309309105269e-02,
             9.9983471737769547e-01 ]
      - !!opencv-matrix
         rows: 3
         cols: 3
         dt: d
         data: [ -9.9998893089960250e-01, -3.9906511458309485e-04,
             4.6881579862663881e-03, 3.4684972069652252e-04,
             -9.9993796319683792e-01, -1.1133258868385232e-02,
             4.6923100431581974e-03, -1.1131509546936948e-02,
             9.9992703319875587e-01 ]
      - !!opencv-matrix
         rows: 3
         cols: 3
         dt: d
         data: [ -9.9991928329962632e-01, -4.5113108933311742e-04,
             1.2697376355058246e-02, 2.9691525435541675e-04,
             -9.9992620567510337e-01, -1.2144753827172686e-02,
             1.2701918236765902e-02, -1.2140003497986798e-02,
             9.9984562887886630e-01 ]
